white,black
9.087999999999998181e+03,9.203600000000000000e+04
1.093000000000000000e+04,1.729400000000000000e+04
1.446400000000000000e+04,8.036000000000000000e+03
8.931999999999998181e+03,4.124400000000000000e+04
8.789999999999998181e+03,1.165260000000000000e+05
8.523999999999998181e+03,1.084400000000000000e+05
9.414999999999996362e+03,1.230810000000000000e+05
9.646999999999996362e+03,3.700900000000000000e+04
1.182299999999999636e+04,1.149130000000000000e+05
3.484999999999998636e+03,3.813100000000000000e+04
8.931999999999998181e+03,9.024000000000001819e+03
8.765999999999998181e+03,9.363400000000000000e+04
1.395800000000000000e+04,7.358000000000000000e+03
1.174500000000000000e+04,1.075500000000000000e+04
1.461800000000000000e+04,3.736600000000000000e+04
1.559899999999999636e+04,6.850100000000000000e+04
1.033199999999999636e+04,3.984400000000000000e+04
1.736899999999999636e+04,8.375500000000000000e+04
1.258199999999999636e+04,5.924200000000000000e+04
1.302899999999999636e+04,1.039350000000000000e+05
8.331999999999998181e+03,6.895200000000000000e+04
1.351899999999999636e+04,5.099700000000000000e+04
1.118599999999999636e+04,7.407800000000000000e+04
1.024399999999999636e+04,7.155200000000000000e+04
9.911000000000000000e+03,8.585000000000000000e+03
1.596199999999999636e+04,8.901400000000000000e+04
1.734799999999999636e+04,9.420800000000000000e+04
1.698400000000000000e+04,7.980000000000000000e+03
1.397200000000000000e+04,7.932000000000000000e+03
7.744999999999999091e+03,1.241900000000000000e+04
9.948000000000000000e+03,6.436000000000000000e+03
8.906000000000000000e+03,1.183000000000000000e+04
6.477999999999998181e+03,1.077660000000000000e+05
1.215599999999999818e+04,7.546000000000000000e+04
1.138399999999999636e+04,7.041200000000000000e+04
8.534999999999998181e+03,4.254100000000000000e+04
9.052000000000000000e+03,3.944000000000000000e+03
9.718999999999996362e+03,1.257050000000000000e+05
8.889999999999996362e+03,3.521000000000000000e+04
1.423699999999999818e+04,5.336300000000000000e+04
1.044000000000000000e+04,1.389600000000000000e+04
1.008999999999999636e+04,1.166460000000000000e+05
9.555999999999996362e+03,5.194800000000000000e+04
7.242999999999998181e+03,3.573000000000001819e+03
8.466999999999998181e+03,6.017700000000000000e+04
7.277999999999998181e+03,1.252180000000000000e+05
1.128599999999999636e+04,1.256140000000000000e+05
1.221599999999999636e+04,8.020000000000000000e+04
1.093200000000000000e+04,2.593200000000000000e+04
9.640999999999996362e+03,1.858300000000000364e+04
7.894999999999997272e+03,6.828100000000000000e+04
1.379499999999999636e+04,1.045410000000000000e+05
1.081699999999999636e+04,5.369900000000000000e+04
1.008200000000000000e+04,8.414000000000000000e+03
1.360399999999999636e+04,1.033600000000000000e+05
1.340799999999999818e+04,3.411600000000000000e+04
9.456999999999996362e+03,7.233900000000000000e+04
4.773999999999998181e+03,2.481000000000000000e+04
9.782000000000000000e+03,2.049400000000000000e+04
1.624299999999999818e+04,1.358570000000000000e+05
8.423999999999996362e+03,1.099120000000000000e+05
1.507699999999999636e+04,8.989900000000000000e+04
1.191299999999999636e+04,7.689100000000000000e+04
8.041999999999997272e+03,6.924200000000000000e+04
6.199999999999999091e+03,1.175600000000000000e+04
1.372100000000000000e+04,4.484300000000000000e+04
1.165799999999999636e+04,8.075800000000000000e+04
7.246999999999997272e+03,8.275300000000000000e+04
8.272999999999996362e+03,9.800300000000000000e+04
8.321999999999998181e+03,1.184140000000000000e+05
9.175999999999996362e+03,6.810800000000000000e+04
7.965000000000000000e+03,1.163500000000000000e+04
9.651999999999998181e+03,9.274800000000000000e+04
7.168999999999997272e+03,9.268700000000000000e+04
9.516999999999998181e+03,1.033790000000000000e+05
9.666999999999996362e+03,8.396900000000000000e+04
8.332000000000000000e+03,4.664000000000000000e+03
1.220399999999999636e+04,4.636000000000000000e+04
6.192999999999998181e+03,2.408300000000000000e+04
9.628999999999996362e+03,1.228670000000000000e+05
1.043200000000000000e+04,1.163040000000000000e+05
1.111999999999999636e+04,6.395600000000000000e+04
9.158999999999998181e+03,8.943700000000000000e+04
1.255599999999999636e+04,1.113480000000000000e+05
6.215999999999998181e+03,2.200800000000000000e+04
1.787599999999999636e+04,8.580800000000000000e+04
8.626999999999998181e+03,1.097090000000000000e+05
9.319999999999996362e+03,7.020400000000000000e+04
1.278000000000000000e+04,7.384000000000000000e+03
1.052899999999999636e+04,7.012700000000000000e+04
9.254999999999998181e+03,5.938900000000000000e+04
8.599999999999998181e+03,7.319600000000000000e+04
8.080999999999998181e+03,4.481900000000000000e+04
1.149200000000000000e+04,1.041200000000000000e+04
1.267499999999999636e+04,6.240100000000000000e+04
1.591499999999999636e+04,7.052100000000000000e+04
7.784999999999998181e+03,1.911100000000000000e+04
1.476999999999999636e+04,9.413000000000000000e+04
1.328900000000000000e+04,1.698700000000000000e+04
8.386999999999998181e+03,9.273700000000000000e+04
8.371000000000000000e+03,1.067300000000000000e+04
7.997999999999999091e+03,1.160200000000000000e+04
1.458899999999999636e+04,9.830700000000000000e+04
1.011599999999999636e+04,7.988400000000000000e+04
7.837999999999998181e+03,1.160660000000000000e+05
1.987899999999999636e+04,9.572100000000000000e+04
1.323600000000000000e+04,3.516400000000000000e+04
1.046099999999999636e+04,8.440300000000000000e+04
1.456499999999999636e+04,6.495900000000000000e+04
1.974899999999999636e+04,6.551500000000000000e+04
2.569700000000000000e+04,6.430300000000000000e+04
1.003700000000000000e+04,1.127900000000000000e+04
1.147199999999999636e+04,1.082440000000000000e+05
1.080500000000000000e+04,2.159500000000000000e+04
1.061799999999999636e+04,1.104860000000000000e+05
1.377099999999999636e+04,1.018290000000000000e+05
1.901799999999999636e+04,1.091460000000000000e+05
8.372999999999996362e+03,3.243100000000000364e+04
1.037499999999999636e+04,1.149410000000000000e+05
7.822999999999998181e+03,8.217700000000000000e+04
1.180900000000000000e+04,1.315500000000000000e+04
1.098699999999999636e+04,9.141300000000000000e+04
1.024100000000000000e+04,1.108630000000000000e+05
8.321999999999998181e+03,8.062000000000001819e+03
7.682999999999998181e+03,1.106530000000000000e+05
1.033299999999999636e+04,1.178310000000000000e+05
1.092799999999999636e+04,8.027600000000000000e+04
4.529999999999998181e+03,3.627400000000000000e+04
1.024500000000000000e+04,1.108590000000000000e+05
9.039999999999996362e+03,5.246400000000000000e+04
