Mean_R, SD_R, Mean_G, SD_G, Mean_B, SD_B, Mean_C, SD_C, Mean_M, SD_M, Mean_Y, SD_Y, Mean_K, SD_K
1.077575488454706942e+02,8.059052192001519899e+00,7.673001776198934465e+01,2.315186417423304732e+01,1.257353463587921851e+02,4.213563189950005672e+00,3.655402384546982830e+01,1.311173508249815889e+01,1.001699064884190307e+02,4.431224851172768808e+01,0.000000000000000000e+00,0.000000000000000000e+00,1.292646536412078149e+02,4.213563189950003007e+00
1.127048423423423458e+02,1.041255626170019788e+01,5.728389639639639341e+01,1.207147117586032437e+01,1.359307432432432563e+02,4.236988655992944608e+00,4.367940255843249986e+01,1.715835489694240223e+01,1.478162179116746984e+02,2.093335274776666566e+01,0.000000000000000000e+00,0.000000000000000000e+00,1.190692567567567579e+02,4.236988655992944608e+00
9.614285714285713880e+01,1.996862055312884010e+01,5.812268542464052956e+01,3.009203237131217179e+01,1.376051515464984050e+02,9.134206563185733430e+00,7.798308053008599927e+01,2.872324268968041849e+01,1.498807785633302103e+02,4.766008475116341714e+01,0.000000000000000000e+00,0.000000000000000000e+00,1.173948484535016092e+02,9.134206563185731653e+00
1.023994889267461730e+02,6.186595919761439966e+00,4.596763202725723829e+01,1.033356656581927169e+01,1.138534923339011868e+02,5.190477511606537142e+00,2.553443525181924301e+01,1.170998963665994808e+01,1.524883390722951333e+02,2.005477180375756063e+01,5.491775402337563394e-03,1.085062694287832891e-01,1.411439522998296354e+02,5.192599902650150590e+00
9.590099258700841744e+01,1.106355772826055706e+01,4.957193114712903537e+01,1.410301058563823240e+01,1.221908531222515393e+02,5.508324396438680104e+00,5.500365650509682780e+01,1.989474950730424041e+01,1.522195073745988623e+02,2.538972399193107421e+01,0.000000000000000000e+00,0.000000000000000000e+00,1.328091468777484749e+02,5.508324396438681880e+00
8.208248472505091797e+01,1.273105472122949422e+01,3.310624575695858596e+01,1.331502151923645272e+01,1.056350984385607603e+02,7.791598405329273724e+00,5.729019753237614054e+01,2.304909653547358417e+01,1.763258127276206437e+02,2.411571402184613788e+01,0.000000000000000000e+00,0.000000000000000000e+00,1.493649015614392397e+02,7.791598405329273724e+00
7.049070208728652176e+01,2.025637878029423788e+01,4.144098671726754901e+01,2.411450053449762976e+01,1.234962049335863412e+02,1.123491967628497434e+01,1.111608639764600781e+02,2.904926810098061551e+01,1.719681613678037309e+02,3.889681448828695665e+01,0.000000000000000000e+00,0.000000000000000000e+00,1.315037950664136588e+02,1.123491967628497612e+01
9.397493614303958509e+01,7.689112828815948930e+00,5.366738505747126453e+01,1.096598345913090178e+01,1.050148467432950241e+02,4.683767573248707627e+00,2.691699781467020003e+01,1.460629978036846666e+01,1.252312241252755882e+02,2.217792244010476210e+01,0.000000000000000000e+00,0.000000000000000000e+00,1.499851532567049901e+02,4.683767573248711180e+00
7.370570475131097510e+01,9.457096284871804315e+00,3.785777848402987189e+01,7.615957885587967269e+00,9.653488002542508184e+01,5.424043117140503689e+00,6.063735638811078843e+01,1.941698224364064984e+01,1.555236271340201881e+02,1.571541544205228824e+01,0.000000000000000000e+00,0.000000000000000000e+00,1.584651199745749182e+02,5.424043117140501025e+00
9.765477509417239332e+01,1.559895923676538843e+01,5.939020607134943219e+01,2.147885477743273697e+01,1.498364724130290142e+02,5.850457807453610215e+00,8.918555733373763417e+01,2.321366533401920407e+01,1.546504207772297832e+02,3.357795505739547082e+01,0.000000000000000000e+00,0.000000000000000000e+00,1.051635275869709716e+02,5.850457807453610215e+00
9.662842703727100968e+01,9.696286215989585955e+00,4.825091598231206547e+01,1.590538862612174853e+01,1.169267214150347485e+02,5.369499252839491810e+00,4.425951618599621185e+01,1.869995748427248472e+01,1.506060910969321469e+02,2.945787873584716010e+01,0.000000000000000000e+00,0.000000000000000000e+00,1.380732785849652657e+02,5.369499252839492698e+00
1.090300146412884317e+02,9.094017203727348786e+00,6.148755490483162589e+01,2.557335626838426279e+01,1.240805270863835972e+02,6.894580702290292962e+00,3.095406094845883871e+01,1.343898448622860542e+01,1.306656346344263397e+02,4.577925972592252180e+01,0.000000000000000000e+00,0.000000000000000000e+00,1.309194729136164028e+02,6.894580702290294738e+00
1.009592647789369124e+02,1.246034264989304319e+01,5.456400066236131607e+01,1.366614573628247697e+01,1.429648948501407517e+02,4.420528922837959840e+00,7.498823670649110795e+01,2.097189076707856970e+01,1.580179484360297977e+02,2.262936772093748417e+01,0.000000000000000000e+00,0.000000000000000000e+00,1.120351051498592483e+02,4.420528922837960728e+00
7.538355070535001801e+01,1.347265592455040206e+01,4.522611125898323081e+01,2.174884721542175825e+01,1.141193771626297604e+02,1.111698816959366098e+01,8.696669423583327330e+01,2.122476447915630970e+01,1.569891274317840555e+02,3.701403223016823318e+01,0.000000000000000000e+00,0.000000000000000000e+00,1.408806228373702538e+02,1.111698816959366098e+01
4.184764817241881474e+01,1.296876426602535659e+01,3.051990680064074724e+01,1.698659486013985997e+01,7.138136012814912590e+01,1.061429705126949052e+01,1.076782854234439384e+02,2.677419536622867113e+01,1.511919161960438487e+02,3.968101372957968209e+01,0.000000000000000000e+00,0.000000000000000000e+00,1.836186398718508883e+02,1.061429705126949052e+01
1.017740159933534159e+02,1.721592951840930752e+01,5.175033752206874738e+01,1.438598158034477059e+01,1.333041852736525072e+02,7.262893007890304453e+00,6.094899459901741068e+01,2.764638323549388588e+01,1.567917350589593468e+02,2.376750423111204924e+01,0.000000000000000000e+00,0.000000000000000000e+00,1.216958147263474928e+02,7.262893007890304453e+00
1.094706790123456841e+02,1.214422352277168038e+01,6.187962962962962621e+01,2.801299332318048130e+01,1.165185185185185190e+02,7.742058633159961900e+00,1.712516443795503562e+01,1.298636858160506691e+01,1.235084185389737002e+02,4.972213573547168153e+01,1.196340197683463558e+00,3.169992864435234203e+00,1.378765432098765302e+02,8.483291808163494707e+00
7.953941541186891584e+01,1.386323905583166827e+01,3.554325361677000217e+01,1.665123950914079742e+01,1.041579568940064888e+02,9.257407013108462479e+00,6.087227694060498351e+01,2.409324055248575647e+01,1.699522569076922593e+02,2.980380188899047411e+01,0.000000000000000000e+00,0.000000000000000000e+00,1.508420431059934970e+02,9.257407013108462479e+00
9.102408441961514995e+01,1.743849821701623171e+01,5.467312228429546650e+01,2.409682602189660372e+01,1.419404096834264521e+02,6.732739585599905929e+00,9.221704909059333488e+01,2.587320430177260633e+01,1.579550945791212371e+02,3.843636844908954942e+01,0.000000000000000000e+00,0.000000000000000000e+00,1.130595903165735621e+02,6.732739585599905929e+00
7.001792828685259451e+01,1.238512755203548998e+01,3.392249185077870521e+01,9.774613491509047236e+00,1.158884462151394388e+02,7.037377351217895871e+00,1.015139355616041996e+02,2.151967528979965394e+01,1.809349281212428480e+02,1.756177828288747733e+01,0.000000000000000000e+00,0.000000000000000000e+00,1.391115537848605470e+02,7.037377351217896759e+00
8.234827499370435078e+01,1.219467019993754420e+01,3.226794258373205793e+01,5.587808010377896650e+00,1.118874338957441381e+02,5.463569117088584726e+00,6.757755107695544439e+01,2.454668849104567485e+01,1.816972130726023522e+02,1.042220438101292501e+01,0.000000000000000000e+00,0.000000000000000000e+00,1.431125661042558477e+02,5.463569117088581173e+00
5.669096023526403627e+01,1.262149522772498678e+01,3.553791075310062553e+01,1.862353917527710223e+01,8.472919064058304173e+01,1.056465185352481306e+01,8.517209305931459085e+01,2.445295348046565564e+01,1.522689166390160267e+02,3.854937733685631684e+01,0.000000000000000000e+00,0.000000000000000000e+00,1.702708093594169441e+02,1.056465185352481129e+01
8.468187733148261032e+01,1.483791273703357660e+01,5.542977357508458169e+01,2.653077963173210563e+01,1.268238049796130866e+02,9.931102764007297523e+00,8.558507348792265645e+01,2.119244154088499954e+01,1.464187269941689067e+02,4.503045381332879771e+01,0.000000000000000000e+00,0.000000000000000000e+00,1.281761950203869276e+02,9.931102764007297523e+00
8.315135905304690311e+01,1.400154988112471877e+01,5.029701885138097595e+01,2.200498398895835450e+01,1.167163524769837721e+02,8.402612275503187789e+00,7.418761439401225743e+01,2.131862514071618619e+01,1.474091595698554045e+02,3.949650178979742066e+01,0.000000000000000000e+00,0.000000000000000000e+00,1.382836475230162137e+02,8.402612275503187789e+00
9.892197057364853663e+01,1.224169159382479855e+01,3.800909241196892197e+01,7.262302084174289796e+00,1.306842453298065720e+02,6.192707764467573206e+00,6.208132665534527206e+01,2.101167122844613289e+01,1.811038701966097335e+02,1.186705721738607977e+01,0.000000000000000000e+00,0.000000000000000000e+00,1.243157546701934137e+02,6.192707764467571430e+00
1.154442406456346362e+02,6.890747477525418496e+00,5.383749082905355721e+01,1.368006470646880501e+01,1.303360234776228879e+02,5.275610158440080966e+00,2.908903612059079435e+01,1.083852917008383976e+01,1.503397680646997969e+02,2.250292308141195363e+01,0.000000000000000000e+00,0.000000000000000000e+00,1.246639765223771121e+02,5.275610158440080077e+00
5.441450259688374302e+01,1.373002422226997687e+01,3.781382341190571594e+01,1.595874928274693261e+01,1.200559328805433523e+02,9.334554465543886792e+00,1.401493374844567370e+02,2.259589584771848791e+01,1.762139539460384583e+02,2.575834627779943276e+01,0.000000000000000000e+00,0.000000000000000000e+00,1.349440671194566619e+02,9.334554465543888568e+00
1.133212942061700517e+02,8.882300667179992004e+00,6.557863054928517954e+01,2.339631454561232360e+01,1.208374717832957117e+02,6.188346405170987552e+00,1.639012859065340777e+01,1.178901788532976092e+01,1.185224333489078532e+02,4.253303607466902037e+01,4.242884996550604915e-01,1.508446727192770842e+00,1.339593679458239137e+02,6.191319311338618014e+00
6.669896875947831916e+01,1.350217325427087189e+01,3.284501061571125291e+01,1.565441154035319293e+01,1.051308765544434323e+02,1.091630034462503041e+01,9.345158524741208339e+01,2.571967783352353010e+01,1.774603209028622643e+02,2.652864500133042824e+01,0.000000000000000000e+00,0.000000000000000000e+00,1.498691234455565677e+02,1.091630034462503041e+01
1.055285433843737763e+02,1.061239644668258109e+01,5.332446014919513289e+01,2.134848058148602945e+01,1.216934432665881474e+02,6.889122444091604791e+00,3.416482136432026806e+01,1.455386576217560624e+01,1.448856199745583808e+02,3.734517848805644036e+01,0.000000000000000000e+00,0.000000000000000000e+00,1.333065567334118668e+02,6.889122444091607456e+00
7.529851268591426106e+01,1.246537628140004017e+01,3.655940507436570641e+01,1.544374592464522955e+01,1.153765529308836335e+02,7.897635316079173684e+00,8.911100926814012269e+01,2.073618553125534802e+01,1.755330639747455450e+02,2.681601935140207260e+01,0.000000000000000000e+00,0.000000000000000000e+00,1.396234470691163665e+02,7.897635316079172796e+00
6.335631916132789598e+01,1.274966177305786807e+01,4.707571345369831306e+01,1.921267050089036843e+01,1.237579499126383240e+02,9.025835047324424210e+00,1.249600135958071405e+02,2.141424303628271986e+01,1.598680473389002543e+02,3.227349564747141386e+01,0.000000000000000000e+00,0.000000000000000000e+00,1.312420500873616902e+02,9.025835047324425986e+00
1.301638954869358713e+02,9.337647754401348976e+00,1.046992874109263596e+02,2.017499038467944317e+01,1.488332541567695841e+02,4.369429114671151915e+00,3.202945116090277367e+01,1.400401920722839932e+01,7.582870203123343344e+01,3.327653680636480971e+01,0.000000000000000000e+00,0.000000000000000000e+00,1.061667458432304016e+02,4.369429114671151915e+00
1.163408782254413723e+02,7.422035349908011170e+00,7.701177003168854185e+01,2.127429449234933045e+01,1.278954277953825311e+02,4.644288724333587304e+00,2.313449160195094834e+01,1.015622866571284355e+01,1.023325031580483966e+02,3.872817876061430553e+01,0.000000000000000000e+00,0.000000000000000000e+00,1.271045722046174689e+02,4.644288724333585527e+00
6.175736996450069682e+01,1.573608639793743791e+01,3.503472758141688814e+01,1.835914951979856014e+01,1.010640530946133708e+02,1.220677953348305955e+01,1.000670613143074092e+02,2.847976226066210259e+01,1.697193907568182283e+02,3.118891821240573137e+01,0.000000000000000000e+00,0.000000000000000000e+00,1.539359469053866292e+02,1.220677953348305778e+01
5.168392550521727458e+01,1.533438599045074824e+01,3.575987320036983164e+01,1.996405252302310274e+01,7.876700567956676480e+01,1.453391134740135193e+01,8.983079482213425138e+01,2.462087216123510913e+01,1.457710795626359754e+02,4.008723718158911709e+01,0.000000000000000000e+00,0.000000000000000000e+00,1.762329943204332210e+02,1.453391134740135016e+01
1.040664599025254802e+02,6.437664392027438787e+00,7.591847585290207689e+01,1.697305586548598910e+01,1.251719096145325665e+02,4.156193848458499041e+00,4.288016219634359061e+01,1.301475773752915543e+01,1.007221650288049091e+02,3.219566147575594073e+01,0.000000000000000000e+00,0.000000000000000000e+00,1.298280903854674477e+02,4.156193848458497264e+00
8.277140346472508270e+01,1.459927844693481447e+01,3.991865428069294808e+01,1.564737943074485926e+01,1.094263118252573435e+02,9.360054796302467395e+00,6.268739915296094978e+01,2.607901601226683397e+01,1.637468993227492149e+02,2.739153048554790715e+01,0.000000000000000000e+00,0.000000000000000000e+00,1.455736881747426423e+02,9.360054796302467395e+00
1.182663202882762050e+02,1.767543455437475330e+01,7.177030084639235952e+01,3.188237226367896326e+01,1.461550322634710426e+02,6.063943123968492444e+00,4.932984860227443846e+01,2.470522760674557006e+01,1.313649384906769626e+02,5.007685036471566065e+01,0.000000000000000000e+00,0.000000000000000000e+00,1.088449677365289574e+02,6.063943123968492444e+00
8.724894259818731257e+01,1.518791528766290888e+01,3.865679758308156977e+01,1.835254061006877890e+01,1.163631419939576972e+02,8.747990763240151679e+00,6.443997776706478930e+01,2.500157075985726962e+01,1.720622898640177425e+02,3.159259865245050136e+01,0.000000000000000000e+00,0.000000000000000000e+00,1.386368580060423028e+02,8.747990763240149903e+00
1.145211672831894845e+02,1.708819942988175811e+01,6.680320591861898549e+01,3.770771803737864758e+01,1.402295930949445051e+02,8.466300045231285765e+00,4.757371602647732800e+01,2.119878418123566277e+01,1.365611727262529485e+02,6.029044908702628902e+01,0.000000000000000000e+00,0.000000000000000000e+00,1.147704069050554807e+02,8.466300045231285765e+00
1.029309798453542868e+02,1.299307965673969889e+01,5.543072632779819742e+01,2.066043666752853269e+01,1.237041450120420905e+02,6.909557096488122774e+00,4.318800498687304668e+01,2.049139663106539544e+01,1.423105747841388506e+02,3.642292333215028322e+01,0.000000000000000000e+00,0.000000000000000000e+00,1.312958549879579095e+02,6.909557096488125438e+00
1.258056562726613521e+02,5.541321856701702409e+00,7.421392313270486341e+01,2.155368178431810833e+01,1.379492385786801947e+02,3.181304923391740314e+00,2.239858961465952092e+01,9.947541859127639441e+00,1.180448945859093186e+02,3.855496667550779932e+01,0.000000000000000000e+00,0.000000000000000000e+00,1.170507614213197911e+02,3.181304923391740758e+00
9.217926319787315492e+01,1.336869991430109827e+01,4.482130649449297266e+01,9.859696042013075257e+00,1.236952145841245709e+02,5.696225444616654698e+00,6.534481852196131513e+01,2.306163987276160654e+01,1.630981563039633784e+02,1.692047743356257072e+01,0.000000000000000000e+00,0.000000000000000000e+00,1.313047854158754149e+02,5.696225444616654698e+00
9.161085331270946597e+01,1.959554354713964486e+01,5.445230729569476580e+01,2.689663948304169949e+01,1.421737561227120352e+02,8.324200538807563277e+00,9.190551533646798532e+01,2.807979413694793536e+01,1.590581054046858753e+02,4.223138242810120602e+01,0.000000000000000000e+00,0.000000000000000000e+00,1.128262438772879648e+02,8.324200538807561500e+00
7.516563283621485425e+01,9.751749864397883272e+00,4.020258677576877204e+01,7.556378474849330118e+00,9.432743830011878572e+01,5.373064295702191018e+00,5.215314709281025785e+01,2.069712742747450562e+01,1.468287133823891963e+02,1.609242769894654757e+01,0.000000000000000000e+00,0.000000000000000000e+00,1.606725616998812143e+02,5.373064295702188353e+00
9.833895009721321401e+01,1.148149992965119459e+01,6.343486714193129927e+01,2.781189947713198762e+01,1.113707064160725793e+02,8.530679486513628618e+00,3.012723820502222338e+01,1.608142950997428500e+01,1.131815290247847372e+02,5.347731225462239735e+01,0.000000000000000000e+00,0.000000000000000000e+00,1.436292935839274207e+02,8.530679486513628618e+00
1.094706790123456841e+02,1.214422352277168038e+01,6.187962962962962621e+01,2.801299332318048130e+01,1.165185185185185190e+02,7.742058633159961900e+00,1.712516443795503562e+01,1.298636858160506691e+01,1.235084185389737002e+02,4.972213573547168153e+01,1.196340197683463558e+00,3.169992864435234203e+00,1.378765432098765302e+02,8.483291808163494707e+00
7.009296965040337568e+01,1.083529295022397498e+01,3.581386861313868764e+01,9.594953199916728792e+00,9.349980791394544610e+01,6.672825779357532738e+00,6.437625077661687101e+01,2.202608566892596542e+01,1.583324099604721482e+02,1.952483890742799844e+01,0.000000000000000000e+00,0.000000000000000000e+00,1.615001920860545397e+02,6.672825779357530962e+00
1.292464731416169172e+02,1.184676281704458312e+01,8.286428377645144394e+01,2.457098720768168221e+01,1.506766820401519169e+02,4.567556322586243667e+00,3.635758266173431252e+01,1.779000392434940636e+01,1.154492047693968146e+02,3.835219315708351928e+01,0.000000000000000000e+00,0.000000000000000000e+00,1.043233179598480689e+02,4.567556322586244555e+00
8.965102424749163390e+01,9.794234245339923817e+00,4.366492474916388034e+01,2.068007556996882812e+01,1.202311872909698991e+02,8.663153661701947783e+00,6.489026686889398832e+01,1.467319232961071584e+01,1.645266234485076495e+02,3.546483506333509439e+01,0.000000000000000000e+00,0.000000000000000000e+00,1.347688127090301009e+02,8.663153661701949559e+00
4.350878303052216012e+01,1.055310400547484306e+01,2.863653620175359293e+01,1.330849535358480651e+01,7.020075928771581175e+01,8.697956309867363345e+00,9.782996455454025408e+01,2.672071763012764123e+01,1.543028965086568007e+02,3.225459935191535266e+01,0.000000000000000000e+00,0.000000000000000000e+00,1.847992407122841882e+02,8.697956309867363345e+00
8.208248472505091797e+01,1.273105472122949422e+01,3.310624575695858596e+01,1.331502151923645272e+01,1.056350984385607603e+02,7.791598405329273724e+00,5.729019753237614054e+01,2.304909653547358417e+01,1.763258127276206437e+02,2.411571402184613788e+01,0.000000000000000000e+00,0.000000000000000000e+00,1.493649015614392397e+02,7.791598405329273724e+00
9.459214636323069669e+01,1.565523696225917583e+01,4.038119143239624975e+01,1.458650078004288275e+01,1.159591700133868812e+02,7.671285613329645869e+00,4.792222752825095000e+01,2.629915948920038815e+01,1.673024333612691805e+02,2.605021280836874453e+01,0.000000000000000000e+00,0.000000000000000000e+00,1.390408299866131188e+02,7.671285613329646758e+00
1.092913123844732013e+02,6.331228409715084382e+00,6.512051756007393521e+01,1.437489482434131283e+01,1.221914972273567486e+02,3.785310865676354108e+00,2.688739260789813912e+01,1.181867583995048676e+01,1.194340235771887393e+02,2.772750958955076328e+01,0.000000000000000000e+00,0.000000000000000000e+00,1.328085027726432656e+02,3.785310865676356773e+00
7.462650240384616041e+01,1.080101299680755567e+01,4.191361177884615330e+01,1.616447225483000238e+01,1.244951923076923066e+02,7.323092325856458196e+00,1.024821426478812185e+02,1.714757488158817011e+01,1.701585749202629643e+02,2.764838635885478269e+01,0.000000000000000000e+00,0.000000000000000000e+00,1.305048076923076792e+02,7.323092325856459084e+00
1.058557589951032583e+02,9.787586224195298001e+00,4.810911219927613303e+01,2.269993176812645430e+01,1.339038748137108712e+02,7.077509673034359849e+00,5.346946652936499333e+01,1.455029414557124667e+01,1.648609996188697266e+02,3.699104961417377524e+01,0.000000000000000000e+00,0.000000000000000000e+00,1.210961251862891146e+02,7.077509673034358073e+00
7.283865392435949104e+01,1.557687956166462051e+01,4.575000000000000000e+01,2.309100726937028725e+01,9.857045546970313410e+01,8.562535635351176566e+00,6.802588897599416384e+01,2.661600188427127378e+01,1.401452253968280672e+02,4.640511704044630648e+01,0.000000000000000000e+00,0.000000000000000000e+00,1.564295445302968801e+02,8.562535635351173013e+00
4.885298840321141967e+01,1.115232991457413370e+01,2.760570918822480024e+01,1.062619772170138255e+01,7.104781445138269191e+01,8.051165392641383534e+00,8.112231364338478556e+01,2.573467462612049772e+01,1.581341173457116440e+02,2.494189540723492371e+01,0.000000000000000000e+00,0.000000000000000000e+00,1.839521855486173081e+02,8.051165392641383534e+00
5.385412026726057633e+01,1.153238346240992307e+01,2.770178173719376247e+01,5.668804286354738764e+00,8.044298440979954989e+01,6.796860011457286355e+00,8.502685716620698031e+01,2.924503163567108643e+01,1.677897126375155779e+02,1.194734586362124418e+01,0.000000000000000000e+00,0.000000000000000000e+00,1.745570155902004501e+02,6.796860011457284578e+00
9.380029687143183992e+01,1.579210867547203101e+01,5.973041790363096482e+01,2.433793942283218215e+01,1.518851335921443138e+02,6.519512795267503158e+00,9.794450403131300220e+01,2.280641379799279278e+01,1.557417184509841093e+02,3.704046405058131342e+01,0.000000000000000000e+00,0.000000000000000000e+00,1.031148664078556720e+02,6.519512795267503158e+00
1.365171314741035928e+02,4.734326767227823751e+00,7.669402390438247608e+01,1.645950010082777837e+01,1.423625498007968133e+02,3.491599462322218628e+00,1.059061315856762953e+01,7.085397771369894571e+00,1.179846735675395024e+02,2.734977279905361058e+01,1.563245933634029305e-01,7.105272774176153439e-01,1.125498007968127467e+02,3.484128778729665754e+00
8.613557737260401836e+01,9.335236963466410742e+00,3.369144460028050503e+01,7.499862970111289329e+00,1.064123422159887866e+02,6.111184045449205904e+00,4.876784462618835647e+01,1.694710608157878085e+01,1.748234300897984212e+02,1.383968234365757510e+01,0.000000000000000000e+00,0.000000000000000000e+00,1.485876577840112134e+02,6.111184045449206792e+00
8.931388990156762020e+01,1.672517457676279307e+01,5.469461659982987101e+01,3.004529244238031183e+01,1.309366873253129313e+02,8.910568303979102822e+00,8.176470751544999871e+01,2.469181373249877964e+01,1.512718628070251157e+02,4.926711913447396540e+01,0.000000000000000000e+00,0.000000000000000000e+00,1.240633126746870829e+02,8.910568303979101046e+00
9.352207541089268261e+01,1.084201688143230236e+01,4.235889998925770783e+01,2.145331443634385593e+01,1.187196261682242948e+02,8.159729291709544086e+00,5.450976535969122949e+01,1.390805584560138186e+01,1.659761454394347595e+02,3.749365642729998171e+01,0.000000000000000000e+00,0.000000000000000000e+00,1.362803738317757052e+02,8.159729291709545862e+00
1.109914573228118400e+02,1.818986751177309813e+01,7.009664808513718981e+01,3.153128087169258364e+01,1.425730833273003668e+02,6.702365417687755844e+00,5.707139495010312658e+01,2.723761935651938160e+01,1.314566953220252969e+02,5.065719209731053496e+01,0.000000000000000000e+00,0.000000000000000000e+00,1.124269166726996332e+02,6.702365417687755844e+00
1.189291669445741348e+02,1.447032943262951221e+01,7.318715400520243008e+01,3.814668970820513749e+01,1.421806843193490408e+02,8.908494280072437377e+00,4.224089491267086771e+01,1.617404847078574548e+01,1.270019114612285449e+02,6.021298559867134514e+01,0.000000000000000000e+00,0.000000000000000000e+00,1.128193156806509734e+02,8.908494280072437377e+00
5.508605502100555640e+01,1.023588411567086887e+01,3.124407101233229511e+01,1.215805601545386239e+01,8.026832904187558881e+01,8.828942448507500984e+00,8.045588098093578822e+01,2.305896309477703099e+01,1.579483019653025053e+02,2.548377371417329584e+01,0.000000000000000000e+00,0.000000000000000000e+00,1.747316709581243970e+02,8.828942448507499208e+00
1.131768901569186880e+02,9.017502842727855850e+00,6.209985734664764578e+01,2.421144404623950663e+01,1.276312410841654810e+02,5.649432302063781108e+00,2.898072111581189247e+01,1.318458326489285426e+01,1.323155198543196036e+02,4.256466804082135269e+01,0.000000000000000000e+00,0.000000000000000000e+00,1.273687589158345190e+02,5.649432302063780220e+00
1.099620375399843084e+02,1.117074350200694965e+01,6.226362484157161248e+01,2.601932048936846797e+01,1.286350413422656800e+02,6.490233218100974533e+00,3.723148880894942181e+01,1.643635888688556079e+01,1.333248632035579533e+02,4.543818119251285736e+01,0.000000000000000000e+00,0.000000000000000000e+00,1.263649586577343200e+02,6.490233218100971868e+00
9.545461808884627430e+01,1.622725126233760307e+01,5.372738894215404315e+01,1.767902505059099383e+01,1.410226909555768486e+02,6.066489719818441984e+00,8.276644446841515901e+01,2.590916917308042855e+01,1.586315145204907537e+02,2.825729199409425618e+01,0.000000000000000000e+00,0.000000000000000000e+00,1.139773090444231372e+02,6.066489719818442872e+00
8.585752820009808772e+01,9.445310223040818798e+00,4.204977930358018767e+01,7.126646231807308496e+00,9.912408043158410464e+01,4.706574432543034092e+00,3.445469077020618442e+01,1.955396778614571218e+01,1.472274729584800070e+02,1.500741795741818763e+01,0.000000000000000000e+00,0.000000000000000000e+00,1.558759195684158954e+02,4.706574432543034092e+00
9.882115812917594155e+01,1.050787582425792266e+01,3.966492204899777363e+01,1.659715525053630358e+01,1.164522271714922113e+02,6.856535788062443793e+00,3.892037305957928339e+01,1.492892028655837855e+01,1.694007492847388789e+02,2.934450328984017986e+01,0.000000000000000000e+00,0.000000000000000000e+00,1.385477728285077887e+02,6.856535788062443793e+00
6.402437325905292198e+01,1.149276588914449349e+01,2.937604456824512411e+01,1.033288563216180478e+01,1.023892757660167092e+02,9.228052893201205364e+00,9.551736574134481828e+01,2.479321697016040105e+01,1.829594759689203158e+02,1.783329941733079593e+01,0.000000000000000000e+00,0.000000000000000000e+00,1.526107242339832908e+02,9.228052893201203588e+00
1.141102484472049667e+02,1.050341355043996749e+01,7.427096273291925854e+01,2.430743237444800187e+01,1.284728260869565304e+02,5.767428953505141287e+00,2.874495593337107380e+01,1.502997881940545710e+01,1.088001975056866542e+02,4.386876475020547872e+01,0.000000000000000000e+00,0.000000000000000000e+00,1.265271739130434838e+02,5.767428953505140399e+00
7.242189368409609074e+01,9.427852555384411914e+00,3.896380041308837860e+01,1.587678445233419922e+01,8.690303293836286969e+01,7.230444275734708270e+00,4.301391796187311911e+01,1.426040017442850072e+01,1.429896371466812184e+02,3.448712362379109919e+01,0.000000000000000000e+00,0.000000000000000000e+00,1.680969670616371445e+02,7.230444275734709159e+00
9.246813207909387700e+01,1.485751072238018189e+01,5.499481666346707698e+01,2.578414636724446041e+01,1.271834325206373535e+02,8.350709563065136010e+00,7.005458572225533942e+01,2.379110716057403252e+01,1.470560868683542424e+02,4.409458253534735661e+01,0.000000000000000000e+00,0.000000000000000000e+00,1.278165674793626465e+02,8.350709563065136010e+00
1.056565507031828304e+02,8.042155748268340787e+00,4.695854922279792731e+01,1.555248697286268289e+01,1.206302738712065121e+02,6.417662860740546371e+00,3.167476985209048124e+01,1.158376185155547056e+01,1.567533804773822510e+02,2.785225202082672169e+01,0.000000000000000000e+00,0.000000000000000000e+00,1.343697261287934737e+02,6.417662860740548147e+00
7.687173310851498798e+01,9.305359426180791260e+00,4.578586053233770770e+01,1.658637827012803712e+01,8.788148861857159488e+01,6.602177612216561187e+00,3.216444787710022979e+01,1.932998999892282654e+01,1.243268906375748628e+02,3.759836445333224475e+01,0.000000000000000000e+00,0.000000000000000000e+00,1.671185113814283909e+02,6.602177612216562075e+00
1.163408782254413723e+02,7.422035349908011170e+00,7.701177003168854185e+01,2.127429449234933045e+01,1.278954277953825311e+02,4.644288724333587304e+00,2.313449160195094834e+01,1.015622866571284355e+01,1.023325031580483966e+02,3.872817876061430553e+01,0.000000000000000000e+00,0.000000000000000000e+00,1.271045722046174689e+02,4.644288724333585527e+00
1.060025789021245259e+02,1.059035349319260355e+01,5.450657006017438277e+01,1.665534126914165824e+01,1.340186663391870354e+02,5.278829404021159633e+00,5.356806503462627944e+01,1.530307029361291171e+01,1.519060612316854701e+02,2.835034800539353839e+01,0.000000000000000000e+00,0.000000000000000000e+00,1.209813336608129646e+02,5.278829404021158744e+00
1.141029668411867419e+02,7.836526951716904499e+00,7.930657358929610723e+01,2.007603979600784072e+01,1.249650959860383921e+02,4.858312761125118229e+00,2.226931014149189991e+01,1.132972972995726479e+01,9.409824090129195895e+01,3.655295461510853272e+01,0.000000000000000000e+00,0.000000000000000000e+00,1.300349040139616079e+02,4.858312761125118229e+00
1.129365689572320974e+02,6.659012280137564410e+00,4.915425276309466796e+01,9.816149568017241478e+00,1.244800576645843364e+02,5.040795723374066561e+00,2.363362357025283700e+01,1.018734073450778155e+01,1.547534386118116174e+02,1.693147205556621770e+01,0.000000000000000000e+00,0.000000000000000000e+00,1.305199423354156636e+02,5.040795723374067450e+00
1.105514969085584056e+02,1.504330553859653996e+01,7.095013016596159616e+01,3.113217577025448790e+01,1.381214611129189791e+02,7.237620345936754518e+00,5.149553665184696172e+01,2.046696635230190608e+01,1.260026748672936634e+02,5.111312337974288056e+01,0.000000000000000000e+00,0.000000000000000000e+00,1.168785388870810351e+02,7.237620345936754518e+00
9.848239720505240768e+01,1.580647341767546621e+01,5.806208008599838877e+01,3.126006705678274500e+01,1.317347487234614221e+02,9.458981309753811573e+00,6.535434841392732608e+01,1.991534714312437870e+01,1.456376930934876839e+02,5.206593154633483778e+01,0.000000000000000000e+00,0.000000000000000000e+00,1.232652512765385637e+02,9.458981309753809796e+00
1.081669597713783304e+02,1.726080887397438701e+01,5.044932952297207862e+01,2.445288591289633118e+01,1.394856012310397944e+02,7.699344724362932268e+00,5.804903252508184153e+01,2.409435672855078181e+01,1.642548430866655451e+02,3.866365732995660665e+01,0.000000000000000000e+00,0.000000000000000000e+00,1.155143987689602056e+02,7.699344724362931380e+00
6.936682394301045917e+01,1.369961282415248327e+01,4.391359052641317362e+01,2.184864396242319273e+01,9.133768156166158292e+01,1.032639441084592669e+01,6.231511506951065371e+01,2.426496882274129518e+01,1.368603075347506319e+02,4.484558372457976816e+01,0.000000000000000000e+00,0.000000000000000000e+00,1.636623184383384171e+02,1.032639441084593024e+01
8.646158650843223370e+01,1.649841576701597390e+01,4.237518217780554153e+01,9.321137168210626101e+00,1.311147199666874883e+02,7.138786406028433618e+00,8.726309334792824757e+01,2.837683298960439160e+01,1.730211057545559186e+02,1.501752191023217797e+01,0.000000000000000000e+00,0.000000000000000000e+00,1.238852800333125117e+02,7.138786406028431841e+00
6.327401687915244821e+01,1.108400035137424489e+01,3.865658107380139796e+01,1.502613220970825125e+01,1.084645358233075996e+02,1.097965147906537098e+01,1.055416708242665038e+02,2.571201227726310634e+01,1.662964116854671772e+02,2.558768717298945106e+01,0.000000000000000000e+00,0.000000000000000000e+00,1.465354641766924146e+02,1.097965147906537275e+01
1.147241159420289875e+02,2.054220691157967238e+01,8.485657971014492773e+01,3.290679959531107812e+01,1.409114202898550730e+02,7.348195677981578022e+00,4.838493555127461576e+01,3.015738400438278433e+01,1.036098481803595917e+02,5.277773333467152383e+01,0.000000000000000000e+00,0.000000000000000000e+00,1.140885797101449270e+02,7.348195677981578910e+00
1.117016616314199382e+02,1.008278259171797941e+01,7.319712990936555741e+01,2.562958822078125820e+01,1.226797583081571048e+02,5.618015470500364650e+00,2.317283974136659452e+01,1.482337344467338269e+01,1.043632747008650909e+02,4.820927381380819554e+01,1.306557086454402938e-01,8.068278944778770612e-01,1.322552870090634372e+02,5.651358216485636632e+00
8.222312373225152271e+01,8.964710664662877804e+00,3.120655848546315170e+01,5.883842740705856222e+00,9.728498985801216747e+01,5.712599314044179977e+00,3.973479647444866458e+01,1.689639072904506278e+01,1.735842329891715963e+02,1.195557578890475448e+01,0.000000000000000000e+00,0.000000000000000000e+00,1.577150101419878183e+02,5.712599314044177312e+00
7.119694260682996401e+01,1.218406253631737890e+01,4.351412479885571116e+01,1.938575409553300233e+01,8.721401752190237744e+01,9.096801671376645970e+00,4.785787281764883261e+01,1.818928285532758338e+01,1.314936833790972628e+02,4.089847839644494343e+01,0.000000000000000000e+00,0.000000000000000000e+00,1.677859824780976226e+02,9.096801671376645970e+00
1.044255413168360604e+02,1.632219106664405217e+01,4.972724259832081373e+01,2.435813119337520050e+01,1.360975475033141890e+02,7.810312375497364457e+00,6.016514626262627985e+01,2.237250520214332994e+01,1.633975344333115061e+02,3.940890127127732256e+01,0.000000000000000000e+00,0.000000000000000000e+00,1.189024524966858110e+02,7.810312375497364457e+00
6.001250309482545475e+01,1.188977049337674963e+01,3.588672938846249139e+01,2.027028725392362674e+01,7.968593711314682082e+01,1.116770038420004774e+01,6.343710901370524624e+01,2.241375785672444820e+01,1.456981319470433789e+02,4.360426332176066921e+01,0.000000000000000000e+00,0.000000000000000000e+00,1.753140628868531792e+02,1.116770038420004596e+01
5.011978150604760174e+01,1.167835663465395157e+01,3.023117440499414599e+01,6.942704290533932898e+00,8.266972298088177240e+01,6.578910265554224424e+00,1.004383055147233108e+02,3.339187514639380794e+01,1.624431943006930510e+02,1.498010385342474571e+01,0.000000000000000000e+00,0.000000000000000000e+00,1.723302770191182276e+02,6.578910265554222647e+00
6.095708154506437637e+01,1.584055354294787499e+01,3.598969957081545346e+01,1.864351539901602095e+01,1.057603433476394912e+02,1.065867990854599334e+01,1.096124121740042341e+02,2.460472412015320032e+01,1.707665972505545540e+02,3.201947126481061190e+01,0.000000000000000000e+00,0.000000000000000000e+00,1.492396566523605088e+02,1.065867990854599334e+01
7.677501652346332151e+01,1.376936395615870623e+01,4.332161269001982618e+01,2.086656856278998973e+01,1.186430931923331116e+02,1.078508646704753815e+01,9.015012387101219815e+01,2.405551015470842202e+01,1.644855304541110286e+02,3.412975611687500077e+01,0.000000000000000000e+00,0.000000000000000000e+00,1.363569068076668884e+02,1.078508646704753637e+01
4.944876185458377194e+01,1.143464309653709599e+01,3.197233930453108641e+01,1.492048732267111255e+01,7.898998946259220588e+01,1.045896970608720977e+01,9.629387374534346122e+01,2.218076488557017711e+01,1.552660006751467847e+02,3.064187594913495616e+01,0.000000000000000000e+00,0.000000000000000000e+00,1.760100105374077941e+02,1.045896970608720977e+01
5.714271625810087585e+01,1.311823053796680405e+01,3.588348830656522637e+01,1.813400948272690627e+01,8.754170188785573714e+01,1.116948604286279512e+01,8.970237469524177243e+01,2.319405717288727331e+01,1.545151904958563591e+02,3.651482804893560541e+01,0.000000000000000000e+00,0.000000000000000000e+00,1.674582981121442629e+02,1.116948604286279512e+01
8.743387470997679145e+01,1.036136594538823275e+01,4.314183395541208199e+01,1.781507329831966402e+01,1.198382931504085605e+02,7.684472861786503017e+00,6.888528489820254208e+01,1.882715379551288137e+01,1.647384083726800270e+02,3.109921925090825567e+01,0.000000000000000000e+00,0.000000000000000000e+00,1.351617068495914395e+02,7.684472861786503017e+00
9.099299536982073278e+01,1.043882575165181592e+01,4.423186513118841390e+01,1.520760667857619630e+01,1.252518105188175213e+02,5.754741499984002751e+00,6.979346422568433184e+01,1.879635211876032486e+01,1.657313285030057273e+02,2.670665063707280140e+01,0.000000000000000000e+00,0.000000000000000000e+00,1.297481894811824645e+02,5.754741499984002751e+00
1.074732366183091585e+02,9.810926878875976698e+00,8.320060030015007158e+01,2.421052156226664920e+01,1.208314157078539210e+02,5.483988567829023886e+00,2.838664907586879593e+01,1.530070608154169776e+01,8.090341968281902041e+01,4.549885134202723691e+01,0.000000000000000000e+00,0.000000000000000000e+00,1.341685842921460790e+02,5.483988567829025662e+00
8.613557737260401836e+01,9.335236963466410742e+00,3.369144460028050503e+01,7.499862970111289329e+00,1.064123422159887866e+02,6.111184045449205904e+00,4.876784462618835647e+01,1.694710608157878085e+01,1.748234300897984212e+02,1.383968234365757510e+01,0.000000000000000000e+00,0.000000000000000000e+00,1.485876577840112134e+02,6.111184045449206792e+00
4.813252662149080408e+01,1.786872165879369945e+01,3.233656018070345084e+01,2.056953175379434384e+01,7.661897386253630771e+01,1.203451372508203043e+01,9.877042579852587778e+01,3.472020197036683697e+01,1.538652583059600829e+02,4.597286555253720763e+01,0.000000000000000000e+00,0.000000000000000000e+00,1.783810261374636923e+02,1.203451372508203043e+01
1.038089349820502605e+02,1.829832428562537672e+01,6.258226964499401390e+01,2.521892798344355668e+01,1.486334264060630233e+02,7.089999779662693236e+00,7.754588445653493523e+01,2.676031646576355172e+01,1.488721413443787469e+02,3.860386695603210683e+01,0.000000000000000000e+00,0.000000000000000000e+00,1.063665735939369767e+02,7.089999779662693236e+00
4.923330789774895067e+01,1.222415332611844718e+01,2.893094238840137322e+01,9.120761324129903258e+00,8.308260206028234052e+01,8.231661468722696995e+00,1.044603730338002379e+02,3.108192567681179952e+01,1.674999874213709745e+02,1.853635675775695191e+01,0.000000000000000000e+00,0.000000000000000000e+00,1.719173979397176595e+02,8.231661468722696995e+00
9.129125785470179721e+01,1.448191957477929392e+01,4.328265902326094050e+01,2.237367004948512417e+01,1.165432697607760986e+02,9.042853955076251893e+00,5.584434129845582362e+01,2.252287661926374440e+01,1.626058721901110573e+02,3.869250569895330472e+01,0.000000000000000000e+00,0.000000000000000000e+00,1.384567302392239014e+02,9.042853955076250116e+00
9.799845599588265088e+01,1.081638725887776253e+01,4.370468347915594620e+01,2.087704301509710803e+01,1.200247040658775148e+02,6.906642144725982924e+00,4.709760732677717954e+01,1.572316068912254039e+01,1.637466081016300166e+02,3.728914736701862154e+01,0.000000000000000000e+00,0.000000000000000000e+00,1.349752959341224994e+02,6.906642144725985588e+00
1.064106625458759936e+02,1.709701398147535301e+01,6.078510720494494990e+01,2.934593952911928838e+01,1.348541626424570268e+02,7.912695983998465188e+00,5.481713503773371343e+01,2.348135928005403983e+01,1.421992863362041533e+02,4.848481543046740683e+01,0.000000000000000000e+00,0.000000000000000000e+00,1.201458373575429732e+02,7.912695983998465188e+00
5.716250000000000142e+01,8.482409582272513404e+00,2.831160714285714164e+01,5.035166431064658887e+00,7.797142857142857508e+01,5.119734726865190488e+00,6.806366627615985010e+01,2.460991965332930320e+01,1.627653033042855668e+02,1.240332998989359758e+01,0.000000000000000000e+00,0.000000000000000000e+00,1.770285714285714391e+02,5.119734726865187824e+00
9.597028626645730753e+01,1.805917816465615644e+01,5.440632926681966097e+01,1.937895246312955777e+01,1.459278898417683195e+02,5.663085193545411400e+00,8.786694381128715747e+01,2.758755194443784475e+01,1.604998446198763986e+02,3.140031083781532217e+01,0.000000000000000000e+00,0.000000000000000000e+00,1.090721101582316663e+02,5.663085193545411400e+00
1.185171637591446228e+02,1.032269782197337449e+01,7.491558806978052587e+01,2.707649118529595711e+01,1.378131682611142423e+02,5.298621722375706611e+00,3.590903981018395541e+01,1.429256497403423154e+01,1.175889139142577733e+02,4.574647192596868450e+01,0.000000000000000000e+00,0.000000000000000000e+00,1.171868317388857577e+02,5.298621722375707499e+00
7.014644160583941357e+01,1.673951071834705218e+01,3.810629562043795460e+01,9.922538331218799357e+00,1.232114507299270088e+02,8.430872094999662281e+00,1.104787327253673652e+02,3.070974587986914273e+01,1.766239976983992221e+02,1.722267589425227285e+01,0.000000000000000000e+00,0.000000000000000000e+00,1.317885492700729912e+02,8.430872094999662281e+00
7.085804638088545460e+01,1.561881951679898073e+01,3.539388615600843480e+01,9.015007664062421711e+00,1.079655657062543952e+02,9.204757268585712637e+00,8.892822646125048891e+01,2.771137954852297014e+01,1.721451599934228511e+02,1.529601808459729639e+01,0.000000000000000000e+00,0.000000000000000000e+00,1.470344342937456190e+02,9.204757268585710861e+00
7.582683982683983004e+01,1.248792899294299019e+01,3.811796536796536827e+01,1.687851748733368851e+01,1.063771645021645043e+02,9.377777116580650940e+00,7.315623393309112998e+01,2.589108714036408543e+01,1.658846683341953963e+02,2.953839848609767316e+01,0.000000000000000000e+00,0.000000000000000000e+00,1.486228354978354957e+02,9.377777116580652716e+00
4.427932783766645741e+01,1.002023811597139513e+01,3.010589727330374288e+01,1.263990357684977717e+01,8.162365250475586720e+01,8.793395434815423073e+00,1.171732915543861253e+02,2.303571272340882459e+01,1.632474686076273258e+02,2.600975540457490709e+01,0.000000000000000000e+00,0.000000000000000000e+00,1.733763474952441470e+02,8.793395434815421297e+00
1.182691032462024765e+02,9.055882529012292181e+00,5.521050196622715589e+01,2.156061937023980590e+01,1.414121366335106700e+02,5.121954228631968142e+00,4.178191868809564369e+01,1.344133439080379944e+01,1.562748087318846331e+02,3.450024803979378163e+01,0.000000000000000000e+00,0.000000000000000000e+00,1.135878633664893158e+02,5.121954228631968142e+00
1.193255962521294720e+02,1.084108890036770845e+01,9.501426746166950466e+01,2.688603006122633587e+01,1.390574957410562149e+02,5.621025496284431711e+00,3.640451202996840863e+01,1.511928900024443045e+01,8.197972804649617729e+01,4.531482953475856590e+01,0.000000000000000000e+00,0.000000000000000000e+00,1.159425042589437851e+02,5.621025496284432599e+00
7.474443738080101696e+01,9.531845015332683246e+00,3.049247721974994718e+01,5.448432529183885542e+00,9.611633820724729560e+01,6.736167658254557544e+00,5.660906598914075971e+01,2.222117868293062415e+01,1.743544501350896780e+02,1.128733210172869406e+01,0.000000000000000000e+00,0.000000000000000000e+00,1.588836617927526902e+02,6.736167658254555768e+00
5.190731863215084729e+01,8.220069959853027797e+00,3.023745605624800348e+01,8.631413602826835785e+00,6.985170981144135283e+01,7.102752075174088908e+00,6.542118582327778142e+01,2.382444171020251034e+01,1.460892088089621552e+02,1.982852977034040620e+01,0.000000000000000000e+00,0.000000000000000000e+00,1.851482901885586330e+02,7.102752075174089796e+00
1.259776271186440653e+02,1.077719694681557705e+01,9.879864406779661579e+01,2.808871978130025937e+01,1.460119774011299398e+02,5.196790952393516960e+00,3.520690707155394961e+01,1.422670082833337268e+01,8.352949467215782420e+01,4.559012614626536219e+01,0.000000000000000000e+00,0.000000000000000000e+00,1.089880225988700602e+02,5.196790952393516960e+00
1.059227044142298411e+02,1.411720174289906105e+01,5.615384615384615330e+01,3.072121509654494176e+01,1.333414974855652702e+02,8.033402101935820383e+00,5.278854486107589850e+01,2.061695493968569792e+01,1.501933004291402369e+02,5.058221140571052388e+01,0.000000000000000000e+00,0.000000000000000000e+00,1.216585025144347156e+02,8.033402101935820383e+00
9.882115812917594155e+01,1.050787582425792266e+01,3.966492204899777363e+01,1.659715525053630358e+01,1.164522271714922113e+02,6.856535788062443793e+00,3.892037305957928339e+01,1.492892028655837855e+01,1.694007492847388789e+02,2.934450328984017986e+01,0.000000000000000000e+00,0.000000000000000000e+00,1.385477728285077887e+02,6.856535788062443793e+00
9.816747529200358713e+01,1.254467605080896320e+01,4.547115902964959844e+01,2.097420064571546661e+01,1.225513926325247098e+02,7.175173726584345602e+00,5.106711247513011642e+01,1.948503391431635734e+01,1.620371454725574836e+02,3.597604251945745091e+01,0.000000000000000000e+00,0.000000000000000000e+00,1.324486073674752902e+02,7.175173726584347378e+00
7.234709351305812675e+01,1.491898925863473657e+01,4.391522746419545342e+01,1.997104780507709165e+01,1.009428180286436429e+02,7.919947185119047717e+00,7.342518977847723249e+01,2.669691557229981882e+01,1.465331499221504714e+02,3.996399591795883310e+01,0.000000000000000000e+00,0.000000000000000000e+00,1.540571819713563571e+02,7.919947185119046829e+00
1.070614359733530705e+02,8.521749107815798752e+00,6.521354552183568387e+01,2.047313945199144669e+01,1.232346410066617324e+02,5.538481141407746833e+00,3.360952164899910599e+01,1.236635223103598413e+01,1.212726693706240155e+02,3.761890887158909180e+01,0.000000000000000000e+00,0.000000000000000000e+00,1.317653589933382818e+02,5.538481141407748609e+00
1.390605844618674212e+02,6.449643214272014369e+00,9.837990021382751138e+01,2.337625726145728677e+01,1.479251603706343587e+02,4.381255173075552456e+00,1.530934564150473953e+01,8.101514287268159364e+00,8.606898537068153132e+01,3.667829677993697146e+01,1.336184164207740790e-02,1.761120087958777114e-01,1.070669992872416287e+02,4.383252490999912432e+00
1.170416124837451264e+02,5.490820854368919868e+00,6.614044213263979088e+01,1.546516839076069516e+01,1.207412223667100193e+02,5.343530688817515362e+00,7.930440509877182187e+00,5.918464313622675554e+00,1.163296508095878892e+02,2.704990198762401477e+01,1.630820814633246185e-01,6.522987008845326784e-01,1.341820546163849031e+02,5.323905450944181439e+00
4.955120665179476447e+01,1.204884115481169360e+01,2.797748935307240004e+01,1.189793426833490919e+01,6.920705739200973028e+01,9.505130960790607375e+00,7.406300425926980324e+01,2.540899877172179799e+01,1.548906138733519526e+02,2.685728497016767591e+01,0.000000000000000000e+00,0.000000000000000000e+00,1.857929426079902555e+02,9.505130960790607375e+00
