Mean_P, SD_P
1.563568115234375000e-01,4.002703836443754426e+01
6.271362304687500000e-02,1.605456501198772301e+01
6.152343750000000000e-02,1.574987983657774393e+01
1.826477050781250000e-02,4.675745576484017896e+00
6.791687011718750000e-02,1.738658609935703936e+01
6.318664550781250000e-02,1.617565783811222246e+01
6.005859375000000000e-02,1.537488269761160709e+01
4.618835449218750000e-02,1.182412853802599706e+01
6.051635742187500000e-02,1.549206930353851774e+01
7.258605957031250000e-02,1.858188947981160055e+01
6.298828125000000000e-02,1.612487697554388077e+01
7.260131835937500000e-02,1.858579570000914671e+01
7.287597656250000000e-02,1.865610766356530448e+01
7.492065429687500000e-02,1.917954117003886338e+01
3.956604003906250000e-02,1.011320687048541345e+01
6.967163085937500000e-02,1.783189557011869653e+01
8.580017089843750000e-02,2.196467617090194580e+01
6.278991699218750000e-02,1.607409611297556040e+01
7.197570800781250000e-02,1.842173480625185888e+01
7.658386230468750000e-02,1.960531917157334902e+01
1.006164550781250000e-01,2.575761598273651387e+01
7.963562011718750000e-02,2.038656321108613056e+01
4.928588867187500000e-02,1.261709123813146682e+01
8.068847656250000000e-02,2.065609240471803432e+01
7.928466796875000000e-02,2.029672014654215317e+01
1.876831054687500000e-02,4.804650843003627436e+00
7.371520996093750000e-02,1.887094977443131683e+01
2.546691894531250000e-02,6.519481509734185387e+00
7.054138183593750000e-02,1.805845597333802033e+01
6.126403808593750000e-02,1.568347409321915542e+01
7.382202148437500000e-02,1.889829331581426075e+01
7.185363769531250000e-02,1.839439091032853213e+01
2.259826660156250000e-02,5.785112112592167399e+00
5.911254882812500000e-02,1.513269704536263660e+01
7.780456542968750000e-02,1.991781678737846306e+01
6.332397460937500000e-02,1.620690801082998433e+01
4.264831542968750000e-02,1.091788545219116635e+01
6.906127929687500000e-02,1.767955261417431601e+01
6.031799316406250000e-02,1.543738265537554355e+01
6.939697265625000000e-02,1.776158360825624172e+01
6.588745117187500000e-02,1.686705881308101951e+01
6.552124023437500000e-02,1.676159205438274213e+01
8.195495605468750000e-02,2.097640276502083623e+01
8.798217773437500000e-02,2.252326565915358358e+01
7.286071777343750000e-02,1.865220144336773700e+01
5.163574218750000000e-02,1.321864914855632023e+01
6.697082519531250000e-02,1.714440044710807598e+01
8.483886718750000000e-02,2.171858429845542204e+01
1.093902587890625000e-01,2.800369259633577457e+01
8.291625976562500000e-02,2.121858871305875383e+01
6.620788574218750000e-02,1.694908943722987971e+01
3.643798828125000000e-02,9.328053831782652239e+00
6.318664550781250000e-02,1.617565783811222246e+01
8.512878417968750000e-02,2.178499062300915057e+01
5.238342285156250000e-02,1.341005393823695080e+01
8.392333984375000000e-02,2.148421108660158652e+01
7.672119140625000000e-02,1.964047515335141370e+01
7.891845703125000000e-02,2.020297086180061896e+01
6.257629394531250000e-02,1.601940903020966545e+01
8.255004882812500000e-02,2.112483943150850152e+01
6.686401367187500000e-02,1.711315107173620831e+01
8.685302734375000000e-02,2.223420536453386021e+01
5.781555175781250000e-02,1.480066832856970827e+01
7.110595703125000000e-02,1.820298612064788912e+01
7.569885253906250000e-02,1.937485251408416076e+01
8.848571777343750000e-02,2.265217092567321799e+01
6.237792968750000000e-02,1.596862816764132376e+01
6.834411621093750000e-02,1.749596026488881506e+01
4.109191894531250000e-02,1.051945099203964595e+01
4.380798339843750000e-02,1.119132459836028204e+01
5.697631835937500000e-02,1.458582621770368704e+01
5.950927734375000000e-02,1.523425877049930577e+01
6.140136718750000000e-02,1.571863007499723253e+01
2.116394042968750000e-02,5.417927414021163735e+00
2.973937988281250000e-02,7.613223165052085406e+00
7.203674316406250000e-02,1.844126555269928502e+01
7.531738281250000000e-02,1.927719701113985451e+01
1.868896484375000000e-01,4.784338497976290938e+01
5.856323242187500000e-02,1.499207311825033528e+01
6.814575195312500000e-02,1.744517940232048048e+01
7.615661621093750000e-02,1.949203911764371000e+01
9.368896484375000000e-02,2.398419201304247750e+01
8.114624023437500000e-02,2.077327901064494498e+01
7.014465332031250000e-02,1.795689424820137248e+01
6.959533691406250000e-02,1.781627032108905695e+01
6.669616699218750000e-02,1.707408848355192532e+01
6.204223632812500000e-02,1.588269132329491029e+01
9.074401855468750000e-02,2.323029151491266830e+01
5.953979492187500000e-02,1.524207121089442651e+01
8.494567871093750000e-02,2.174592783983836597e+01
1.111755371093750000e-01,2.846072035945075029e+01
5.079650878906250000e-02,1.300380703769030255e+01
7.197570800781250000e-02,1.842564067190904353e+01
6.808471679687500000e-02,1.742955452153022478e+01
7.165527343750000000e-02,1.834361004776019044e+01
6.814575195312500000e-02,1.744127355994448791e+01
8.354187011718750000e-02,2.138655558166249548e+01
7.922363281250000000e-02,2.027718936219852708e+01
7.096862792968750000e-02,1.816001841947970874e+01
6.857299804687500000e-02,1.755455356785227039e+01
5.625915527343750000e-02,1.439832811848803473e+01
6.845092773437500000e-02,1.751939796194514543e+01
1.785278320312500000e-02,4.570277631149791908e+00
5.502319335937500000e-02,1.408583003241550458e+01
4.618835449218750000e-02,1.178116787770495399e+01
7.350158691406250000e-02,1.881626269166542187e+01
5.091857910156250000e-02,1.303505679927081395e+01
7.365417480468750000e-02,1.885532489364107533e+01
7.682800292968750000e-02,1.965610101970463219e+01
6.616210937500000000e-02,1.692174746076965519e+01
9.255981445312500000e-02,2.369513171842276122e+01
7.231140136718750000e-02,1.851157751625544989e+01
2.761840820312500000e-02,7.070258557590703319e+00
7.516479492187500000e-02,1.924204069319988619e+01
7.461547851562500000e-02,1.910141676608758488e+01
3.924560546875000000e-02,1.004679834813441452e+01
6.718444824218750000e-02,1.718737002209127951e+01
6.866455078125000000e-02,1.757799088903766105e+01
7.661437988281250000e-02,1.961313161196847688e+01
5.749511718750000000e-02,1.471863770442086761e+01
4.885864257812500000e-02,1.250771707259967691e+01
7.017517089843750000e-02,1.796470668859648612e+01
6.152343750000000000e-02,1.574987983657774393e+01
5.926513671875000000e-02,1.517175924733828296e+01
6.655883789062500000e-02,1.699987508855777207e+01
6.797790527343750000e-02,1.740221098014728085e+01
2.981567382812500000e-02,7.632754266039908586e+00
2.079772949218750000e-02,5.324178129279629523e+00
2.247619628906250000e-02,5.753862351011655996e+00
7.452392578125000000e-02,1.907797944490220843e+01
